lOML1 : 0.0000 1.0000 0.0000, 0.50004 0.00521 0.06658 0.00490 0.15567
lOML2 : 0.0000 1.0000 0.0000, 0.50008 0.00524 0.06945 0.00496 0.16255
lOML3 : 0.0000 1.0000 0.0000, 0.50030 0.00774 0.06586 0.00562 0.13171
lOML4 : 0.3496 0.9369 0.0000, 0.70219 0.01024 0.05586 0.00774 0.31931
lOML5 : 0.3496 0.9369 0.0000, 0.70219 0.00774 0.04586 0.00524 0.24486
lOML6 : 0.3496 0.9369 0.0000, 0.70219 0.00689 0.04667 0.00439 0.21012
lOML7 : 0.3496 0.9369 0.0000, 0.70219 0.00633 0.04726 0.00383 0.19214
lOML8 : 0.3496 0.9369 0.0000, 0.70219 0.00583 0.04762 0.00333 0.17686
lOML9 : 0.3496 0.9369 0.0000, 0.70219 0.00529 0.04748 0.00300 0.16029
lOML10 : 0.3496 0.9369 0.0000, 0.65790 0.00617 0.05147 0.00367 0.21564
lOML11 : 0.3496 0.9369 0.0000, 0.65790 0.00547 0.05583 0.00297 0.18895
lOML12 : 0.3496 0.9369 0.0000, 0.65790 0.00490 0.05528 0.00276 0.17027
lOML13 : 0.3496 0.9369 0.0000, 0.65790 0.00423 0.05295 0.00265 0.14872
lOML14 : 0.3496 0.9369 0.0000, 0.65790 0.00356 0.05043 0.00252 0.12621
lOML15 : 0.3496 0.9369 0.0000, 0.65790 0.00298 0.04806 0.00240 0.10797
lOML16 : 0.3496 0.9369 0.0000, 0.65790 0.00262 0.04585 0.00229 0.09921
lOML17 : 0.3496 0.9369 0.0000, 0.65790 0.00242 0.04331 0.00217 0.09745
lOML18 : 0.3496 0.9369 0.0000, 0.65790 0.00223 0.04052 0.00203 0.09570
lOML19 : 0.3496 0.9369 0.0000, 0.65790 0.00201 0.03641 0.00200 0.09395
lOML20 : 0.3496 0.9369 0.0000, 0.65790 0.00200 0.03136 0.00200 0.10830
lOML21 : 0.3496 0.9369 0.0000, 0.65790 0.00200 0.02583 0.00200 0.13308
lOML22 : 0.3496 0.9369 0.0000, 0.65790 0.00200 0.02006 0.00200 0.19509
uOML1 : 0.0000 1.0000 0.0000, 0.50013 0.00593 0.04636 0.00804 0.12596
uOML2 : 0.0000 1.0000 0.0000, 0.50032 0.00577 0.04549 0.00827 0.12566
uOML3 : 0.0000 1.0000 0.0000, 0.50062 0.00615 0.05549 0.00693 0.11541
uOML4 : 0.3496 0.9369 0.0000, 0.70235 0.00865 0.06549 0.00785 0.16983
uOML5 : 0.3496 0.9369 0.0000, 0.70235 0.00735 0.05795 0.00818 0.16193
uOML6 : 0.3496 0.9369 0.0000, 0.70235 0.00716 0.05737 0.00789 0.16006
uOML7 : 0.3496 0.9369 0.0000, 0.70235 0.00678 0.05729 0.00738 0.15301
uOML8 : 0.3496 0.9369 0.0000, 0.70235 0.00650 0.05628 0.00698 0.14897
uOML9 : 0.3496 0.9369 0.0000, 0.70235 0.00624 0.05548 0.00650 0.14533
uOML10 : 0.3496 0.9369 0.0000, 0.65801 0.00610 0.06024 0.00523 0.14417
uOML11 : 0.3496 0.9369 0.0000, 0.65801 0.00567 0.05976 0.00475 0.13535
uOML12 : 0.3496 0.9369 0.0000, 0.65801 0.00542 0.05827 0.00449 0.13272
uOML13 : 0.3496 0.9369 0.0000, 0.65801 0.00499 0.05738 0.00408 0.12461
uOML14 : 0.3496 0.9369 0.0000, 0.65801 0.00459 0.05596 0.00372 0.11783
uOML15 : 0.3496 0.9369 0.0000, 0.65801 0.00418 0.05443 0.00333 0.11055
uOML16 : 0.3496 0.9369 0.0000, 0.65801 0.00381 0.05249 0.00298 0.10499
uOML17 : 0.3496 0.9369 0.0000, 0.65801 0.00346 0.05025 0.00262 0.10050
uOML18 : 0.3496 0.9369 0.0000, 0.65801 0.00301 0.04667 0.00233 0.09335
uOML19 : 0.3496 0.9369 0.0000, 0.65801 0.00251 0.04204 0.00210 0.08407
uOML20 : 0.3496 0.9369 0.0000, 0.65801 0.00202 0.03579 0.00200 0.07468
uOML21 : 0.3496 0.9369 0.0000, 0.65801 0.00200 0.02804 0.00200 0.08956
uOML22 : 0.3496 0.9369 0.0000, 0.65801 0.00200 0.01939 0.00200 0.12792
rib1 : 0.0000 0.0000 1.0000, 0.58732 0.00225 0.04645 0.00200 0.12802
rib2 : 0.0000 0.0000 1.0000, 0.54465 0.00200 0.03585 0.00200 0.11404
rib3 : 0.0000 0.0000 1.0000, 0.49083 0.00200 0.00200 0.02410 0.10697
rib4 : 0.0000 0.0000 1.0000, 0.42392 0.00200 0.01979 0.00200 0.26388
rib5 : 0.0000 0.0000 1.0000, 0.40885 0.00200 0.00200 0.02449 0.09302
rib6 : 0.0000 0.0000 1.0000, 0.39378 0.00200 0.02660 0.00200 0.10427
rib7 : 0.0000 0.0000 1.0000, 0.37870 0.00200 0.02583 0.00200 0.10443
rib8 : 0.0000 0.0000 1.0000, 0.36363 0.00200 0.02478 0.00200 0.10346
rib9 : 0.0000 0.0000 1.0000, 0.34855 0.00200 0.00200 0.01797 0.10176
rib10 : 0.0000 0.0000 1.0000, 0.33348 0.00200 0.02012 0.00200 0.12141
rib11 : 0.0000 0.0000 1.0000, 0.31841 0.00200 0.01930 0.00200 0.10965
rib12 : 0.0000 0.0000 1.0000, 0.30333 0.00200 0.01963 0.00200 0.10407
rib13 : 0.0000 0.0000 1.0000, 0.28826 0.00200 0.01849 0.00200 0.10347
rib14 : 0.0000 0.0000 1.0000, 0.27318 0.00200 0.01759 0.00200 0.10241
rib15 : 0.0000 0.0000 1.0000, 0.25811 0.00200 0.01668 0.00200 0.10180
rib16 : 0.0000 0.0000 1.0000, 0.24303 0.00200 0.01560 0.00200 0.10231
rib17 : 0.0000 0.0000 1.0000, 0.22796 0.00200 0.00200 0.01036 0.10415
rib18 : 0.0000 0.0000 1.0000, 0.21289 0.00200 0.01183 0.00200 0.11107
rib19 : 0.0000 0.0000 1.0000, 0.19781 0.00200 0.00966 0.00200 0.12331
rib20 : 0.0000 0.0000 1.0000, 0.18274 0.00200 0.00200 0.00610 0.14479
rib21 : 0.0000 0.0000 1.0000, 0.16766 0.00200 0.00524 0.00200 0.17179
rib22 : 0.0000 0.0000 1.0000, 0.15259 0.00200 0.00200 0.00429 0.31596
rib23 : 0.0000 0.0000 1.0000, 0.13752 0.00200 0.00200 0.00478 0.50000
spLE1 : 0.0000 0.0000 1.0000, 0.58732 0.00200 0.02465 0.00200 0.11324
spLE2 : 0.0000 0.0000 1.0000, 0.54465 0.00200 0.02904 0.00200 0.10325
spLE3 : 0.0000 0.0000 1.0000, 0.49083 0.00283 0.02777 0.00200 0.11528
spLE4 : 0.0000 0.0000 1.0000, 0.42392 0.00432 0.03617 0.00200 0.16642
spLE5 : 0.0000 0.0000 1.0000, 0.40885 0.00334 0.03714 0.00200 0.13549
spLE6 : 0.0000 0.0000 1.0000, 0.39378 0.00227 0.03851 0.00200 0.07701
spLE7 : 0.0000 0.0000 1.0000, 0.37870 0.00229 0.03700 0.00200 0.07754
spLE8 : 0.0000 0.0000 1.0000, 0.36363 0.00227 0.03524 0.00200 0.07715
spLE9 : 0.0000 0.0000 1.0000, 0.34855 0.00234 0.03300 0.00200 0.08141
spLE10 : 0.0000 0.0000 1.0000, 0.33348 0.00230 0.03051 0.00200 0.08206
spLE11 : 0.0000 0.0000 1.0000, 0.31841 0.00200 0.02864 0.00200 0.07331
spLE12 : 0.0000 0.0000 1.0000, 0.30333 0.00200 0.02706 0.00200 0.07364
spLE13 : 0.0000 0.0000 1.0000, 0.28826 0.00200 0.02494 0.00200 0.07588
spLE14 : 0.0000 0.0000 1.0000, 0.27318 0.00200 0.02267 0.00200 0.07938
spLE15 : 0.0000 0.0000 1.0000, 0.25811 0.00200 0.02044 0.00200 0.08329
spLE16 : 0.0000 0.0000 1.0000, 0.24303 0.00200 0.01833 0.00200 0.08714
spLE17 : 0.0000 0.0000 1.0000, 0.22796 0.00200 0.01630 0.00200 0.09248
spLE18 : 0.0000 0.0000 1.0000, 0.21289 0.00200 0.01445 0.00200 0.10044
spLE19 : 0.0000 0.0000 1.0000, 0.19781 0.00200 0.01274 0.00200 0.11220
spLE20 : 0.0000 0.0000 1.0000, 0.18274 0.00200 0.01227 0.00200 0.12982
spLE21 : 0.0000 0.0000 1.0000, 0.16766 0.00200 0.00762 0.00200 0.16669
spLE22 : 0.0000 0.0000 1.0000, 0.15259 0.00200 0.00400 0.00200 0.50000
spTE1 : 0.0000 0.0000 1.0000, 0.31258 0.00200 0.01514 0.00200 0.10521
spTE2 : 0.0000 0.0000 1.0000, 0.35014 0.00200 0.01297 0.00200 0.13948
spTE3 : 0.0000 0.0000 1.0000, 0.38545 0.00450 0.02297 0.00200 0.15788
spTE4 : 0.0000 0.0000 1.0000, 0.38545 0.00346 0.03297 0.00200 0.10301
spTE5 : 0.0000 0.0000 1.0000, 0.37174 0.00233 0.03560 0.00200 0.07884
spTE6 : 0.0000 0.0000 1.0000, 0.35803 0.00223 0.03271 0.00200 0.07839
spTE7 : 0.0000 0.0000 1.0000, 0.34433 0.00239 0.02958 0.00200 0.09115
spTE8 : 0.0000 0.0000 1.0000, 0.33062 0.00234 0.02717 0.00200 0.09399
spTE9 : 0.0000 0.0000 1.0000, 0.31691 0.00238 0.02653 0.00200 0.09407
spTE10 : 0.0000 0.0000 1.0000, 0.30321 0.00205 0.02692 0.00200 0.07275
spTE11 : 0.0000 0.0000 1.0000, 0.28950 0.00218 0.02357 0.00200 0.08597
spTE12 : 0.0000 0.0000 1.0000, 0.27579 0.00204 0.02126 0.00200 0.08438
spTE13 : 0.0000 0.0000 1.0000, 0.26209 0.00200 0.01938 0.00200 0.08594
spTE14 : 0.0000 0.0000 1.0000, 0.24838 0.00200 0.01764 0.00200 0.08971
spTE15 : 0.0000 0.0000 1.0000, 0.23468 0.00200 0.01603 0.00200 0.09432
spTE16 : 0.0000 0.0000 1.0000, 0.22097 0.00200 0.01436 0.00200 0.10119
spTE17 : 0.0000 0.0000 1.0000, 0.20726 0.00200 0.01264 0.00200 0.11059
spTE18 : 0.0000 0.0000 1.0000, 0.19356 0.00200 0.01100 0.00200 0.12227
spTE19 : 0.0000 0.0000 1.0000, 0.17985 0.00200 0.00934 0.00200 0.13837
spTE20 : 0.0000 0.0000 1.0000, 0.16614 0.00200 0.00743 0.00200 0.17342
spTE21 : 0.0000 0.0000 1.0000, 0.15244 0.00200 0.00440 0.00200 0.50000
spTE22 : 0.0000 0.0000 1.0000, 0.13873 0.00200 0.00400 0.00200 0.50000
